2604.17915
2604.14454
2604.12208
2604.09059
2604.08509
2604.05449
2604.03325
2604.00813
2603.28116
2603.24581
2603.15364
2603.15185
2603.13399
2603.09420
2603.02413
2602.23499
2602.22091
2602.13301
2602.04256
2602.00993
2601.22032
2601.19314
2601.10512
2601.05611
2601.03519
2601.01762
2512.23635
2512.22939
2512.19133
2512.16760
2512.12799
2512.11620
2512.09864
2512.07135
2512.06865
2512.04459
2512.03886
2512.00723
2511.22865
2511.22532
2511.19221
2511.14499
2511.14185
2511.13744
2511.13079
2511.11740
2511.09013
2511.07106
2511.01768
2510.24108
